(kicad_pcb (version 20171130) (host pcbnew 5.0.2+dfsg1-1)

  (general
    (thickness 1.6)
    (drawings 5)
    (tracks 57)
    (zones 0)
    (modules 17)
    (nets 40)
  )

  (page A4)
  (layers
    (0 F.Cu signal)
    (31 B.Cu signal)
    (32 B.Adhes user)
    (33 F.Adhes user)
    (34 B.Paste user)
    (35 F.Paste user)
    (36 B.SilkS user)
    (37 F.SilkS user)
    (38 B.Mask user)
    (39 F.Mask user)
    (40 Dwgs.User user)
    (41 Cmts.User user)
    (42 Eco1.User user)
    (43 Eco2.User user)
    (44 Edge.Cuts user)
    (45 Margin user)
    (46 B.CrtYd user)
    (47 F.CrtYd user)
    (48 B.Fab user)
    (49 F.Fab user)
  )

  (setup
    (last_trace_width 0.25)
    (trace_clearance 0.2)
    (zone_clearance 0.508)
    (zone_45_only no)
    (trace_min 0.2)
    (segment_width 0.2)
    (edge_width 0.15)
    (via_size 0.8)
    (via_drill 0.4)
    (via_min_size 0.4)
    (via_min_drill 0.3)
    (uvia_size 0.3)
    (uvia_drill 0.1)
    (uvias_allowed no)
    (uvia_min_size 0.2)
    (uvia_min_drill 0.1)
    (pcb_text_width 0.3)
    (pcb_text_size 1.5 1.5)
    (mod_edge_width 0.15)
    (mod_text_size 1 1)
    (mod_text_width 0.15)
    (pad_size 1.524 1.524)
    (pad_drill 0.762)
    (pad_to_mask_clearance 0.051)
    (solder_mask_min_width 0.25)
    (aux_axis_origin 0 0)
    (visible_elements FFFFFF7F)
    (pcbplotparams
      (layerselection 0x010fc_ffffffff)
      (usegerberextensions false)
      (usegerberattributes false)
      (usegerberadvancedattributes false)
      (creategerberjobfile false)
      (excludeedgelayer true)
      (linewidth 0.100000)
      (plotframeref false)
      (viasonmask false)
      (mode 1)
      (useauxorigin false)
      (hpglpennumber 1)
      (hpglpenspeed 20)
      (hpglpendiameter 15.000000)
      (psnegative false)
      (psa4output false)
      (plotreference true)
      (plotvalue true)
      (plotinvisibletext false)
      (padsonsilk false)
      (subtractmaskfromsilk false)
      (outputformat 1)
      (mirror false)
      (drillshape 1)
      (scaleselection 1)
      (outputdirectory ""))
  )

  (net 0 "")
  (net 1 "Net-(R2-Pad1)")
  (net 2 "Net-(J1-Pad2)")
  (net 3 "Net-(J1-Pad3)")
  (net 4 "Net-(R1-Pad1)")
  (net 5 +5V)
  (net 6 "Net-(C1-Pad1)")
  (net 7 GND)
  (net 8 "Net-(C4-Pad1)")
  (net 9 "Net-(C3-Pad1)")
  (net 10 "Net-(C2-Pad2)")
  (net 11 "Net-(U1-Pad42)")
  (net 12 "Net-(J1-Pad4)")
  (net 13 "Net-(J1-Pad6)")
  (net 14 Pino8)
  (net 15 Pino9)
  (net 16 Pino10)
  (net 17 Pino11)
  (net 18 Pino12)
  (net 19 Pino18)
  (net 20 Pino19)
  (net 21 Pino20)
  (net 22 Pino21)
  (net 23 Pino22)
  (net 24 Pino25)
  (net 25 Pino26)
  (net 26 Pino27)
  (net 27 Pino28)
  (net 28 Pino29)
  (net 29 Pino30)
  (net 30 Pino31)
  (net 31 Pino32)
  (net 32 Pino36)
  (net 33 Pino37)
  (net 34 Pino38)
  (net 35 Pino39)
  (net 36 Pino40)
  (net 37 Pino41)
  (net 38 Pino1)
  (net 39 Pino33)

  (net_class Default "Esta é a classe de rede padrão."
    (clearance 0.2)
    (trace_width 0.25)
    (via_dia 0.8)
    (via_drill 0.4)
    (uvia_dia 0.3)
    (uvia_drill 0.1)
    (add_net +5V)
    (add_net GND)
    (add_net "Net-(C1-Pad1)")
    (add_net "Net-(C2-Pad2)")
    (add_net "Net-(C3-Pad1)")
    (add_net "Net-(C4-Pad1)")
    (add_net "Net-(J1-Pad2)")
    (add_net "Net-(J1-Pad3)")
    (add_net "Net-(J1-Pad4)")
    (add_net "Net-(J1-Pad6)")
    (add_net "Net-(R1-Pad1)")
    (add_net "Net-(R2-Pad1)")
    (add_net "Net-(U1-Pad42)")
    (add_net Pino1)
    (add_net Pino10)
    (add_net Pino11)
    (add_net Pino12)
    (add_net Pino18)
    (add_net Pino19)
    (add_net Pino20)
    (add_net Pino21)
    (add_net Pino22)
    (add_net Pino25)
    (add_net Pino26)
    (add_net Pino27)
    (add_net Pino28)
    (add_net Pino29)
    (add_net Pino30)
    (add_net Pino31)
    (add_net Pino32)
    (add_net Pino33)
    (add_net Pino36)
    (add_net Pino37)
    (add_net Pino38)
    (add_net Pino39)
    (add_net Pino40)
    (add_net Pino41)
    (add_net Pino8)
    (add_net Pino9)
  )

  (module Button_Switch_THT:SW_PUSH_6mm (layer F.Cu) (tedit 5A02FE31) (tstamp 5D870220)
    (at 115 88)
    (descr https://www.omron.com/ecb/products/pdf/en-b3f.pdf)
    (tags "tact sw push 6mm")
    (path /5D7AB198)
    (fp_text reference SW1 (at 0 -3) (layer F.SilkS)
      (effects (font (size 1 1) (thickness 0.15)))
    )
    (fp_text value SW_Push (at 3.75 6.7) (layer F.Fab)
      (effects (font (size 1 1) (thickness 0.15)))
    )
    (fp_text user %R (at 3.25 2.25) (layer F.Fab)
      (effects (font (size 1 1) (thickness 0.15)))
    )
    (fp_line (start 3.25 -0.75) (end 6.25 -0.75) (layer F.Fab) (width 0.1))
    (fp_line (start 6.25 -0.75) (end 6.25 5.25) (layer F.Fab) (width 0.1))
    (fp_line (start 6.25 5.25) (end 0.25 5.25) (layer F.Fab) (width 0.1))
    (fp_line (start 0.25 5.25) (end 0.25 -0.75) (layer F.Fab) (width 0.1))
    (fp_line (start 0.25 -0.75) (end 3.25 -0.75) (layer F.Fab) (width 0.1))
    (fp_line (start 7.75 6) (end 8 6) (layer F.CrtYd) (width 0.05))
    (fp_line (start 8 6) (end 8 5.75) (layer F.CrtYd) (width 0.05))
    (fp_line (start 7.75 -1.5) (end 8 -1.5) (layer F.CrtYd) (width 0.05))
    (fp_line (start 8 -1.5) (end 8 -1.25) (layer F.CrtYd) (width 0.05))
    (fp_line (start -1.5 -1.25) (end -1.5 -1.5) (layer F.CrtYd) (width 0.05))
    (fp_line (start -1.5 -1.5) (end -1.25 -1.5) (layer F.CrtYd) (width 0.05))
    (fp_line (start -1.5 5.75) (end -1.5 6) (layer F.CrtYd) (width 0.05))
    (fp_line (start -1.5 6) (end -1.25 6) (layer F.CrtYd) (width 0.05))
    (fp_line (start -1.25 -1.5) (end 7.75 -1.5) (layer F.CrtYd) (width 0.05))
    (fp_line (start -1.5 5.75) (end -1.5 -1.25) (layer F.CrtYd) (width 0.05))
    (fp_line (start 7.75 6) (end -1.25 6) (layer F.CrtYd) (width 0.05))
    (fp_line (start 8 -1.25) (end 8 5.75) (layer F.CrtYd) (width 0.05))
    (fp_line (start 1 5.5) (end 5.5 5.5) (layer F.SilkS) (width 0.12))
    (fp_line (start -0.25 1.5) (end -0.25 3) (layer F.SilkS) (width 0.12))
    (fp_line (start 5.5 -1) (end 1 -1) (layer F.SilkS) (width 0.12))
    (fp_line (start 6.75 3) (end 6.75 1.5) (layer F.SilkS) (width 0.12))
    (fp_circle (center 3.25 2.25) (end 1.25 2.5) (layer F.Fab) (width 0.1))
    (pad 2 thru_hole circle (at 0 4.5 90) (size 2 2) (drill 1.1) (layers *.Cu *.Mask)
      (net 6 "Net-(C1-Pad1)"))
    (pad 1 thru_hole circle (at 0 0 90) (size 2 2) (drill 1.1) (layers *.Cu *.Mask)
      (net 7 GND))
    (pad 2 thru_hole circle (at 6.5 4.5 90) (size 2 2) (drill 1.1) (layers *.Cu *.Mask)
      (net 6 "Net-(C1-Pad1)"))
    (pad 1 thru_hole circle (at 6.5 0 90) (size 2 2) (drill 1.1) (layers *.Cu *.Mask)
      (net 7 GND))
    (model ${KISYS3DMOD}/Button_Switch_THT.3dshapes/SW_PUSH_6mm.wrl
      (at (xyz 0 0 0))
      (scale (xyz 1 1 1))
      (rotate (xyz 0 0 0))
    )
  )

  (module Capacitor_SMD:C_0805_2012Metric_Pad1.15x1.40mm_HandSolder (layer F.Cu) (tedit 5B36C52B) (tstamp 5D870201)
    (at 83 77.025 270)
    (descr "Capacitor SMD 0805 (2012 Metric), square (rectangular) end terminal, IPC_7351 nominal with elongated pad for handsoldering. (Body size source: https://docs.google.com/spreadsheets/d/1BsfQQcO9C6DZCsRaXUlFlo91Tg2WpOkGARC1WS5S8t0/edit?usp=sharing), generated with kicad-footprint-generator")
    (tags "capacitor handsolder")
    (path /5D7A593F)
    (attr smd)
    (fp_text reference C2 (at 0 -1.65 270) (layer F.SilkS)
      (effects (font (size 1 1) (thickness 0.15)))
    )
    (fp_text value 15p (at 0 1.65 270) (layer F.Fab)
      (effects (font (size 1 1) (thickness 0.15)))
    )
    (fp_line (start -1 0.6) (end -1 -0.6) (layer F.Fab) (width 0.1))
    (fp_line (start -1 -0.6) (end 1 -0.6) (layer F.Fab) (width 0.1))
    (fp_line (start 1 -0.6) (end 1 0.6) (layer F.Fab) (width 0.1))
    (fp_line (start 1 0.6) (end -1 0.6) (layer F.Fab) (width 0.1))
    (fp_line (start -0.261252 -0.71) (end 0.261252 -0.71) (layer F.SilkS) (width 0.12))
    (fp_line (start -0.261252 0.71) (end 0.261252 0.71) (layer F.SilkS) (width 0.12))
    (fp_line (start -1.85 0.95) (end -1.85 -0.95) (layer F.CrtYd) (width 0.05))
    (fp_line (start -1.85 -0.95) (end 1.85 -0.95) (layer F.CrtYd) (width 0.05))
    (fp_line (start 1.85 -0.95) (end 1.85 0.95) (layer F.CrtYd) (width 0.05))
    (fp_line (start 1.85 0.95) (end -1.85 0.95) (layer F.CrtYd) (width 0.05))
    (fp_text user %R (at 0 0 270) (layer F.Fab)
      (effects (font (size 0.5 0.5) (thickness 0.08)))
    )
    (pad 1 smd roundrect (at -1.025 0 270) (size 1.15 1.4) (layers F.Cu F.Paste F.Mask) (roundrect_rratio 0.217391)
      (net 7 GND))
    (pad 2 smd roundrect (at 1.025 0 270) (size 1.15 1.4) (layers F.Cu F.Paste F.Mask) (roundrect_rratio 0.217391)
      (net 10 "Net-(C2-Pad2)"))
    (model ${KISYS3DMOD}/Capacitor_SMD.3dshapes/C_0805_2012Metric.wrl
      (at (xyz 0 0 0))
      (scale (xyz 1 1 1))
      (rotate (xyz 0 0 0))
    )
  )

  (module Capacitor_SMD:C_0805_2012Metric_Pad1.15x1.40mm_HandSolder (layer F.Cu) (tedit 5B36C52B) (tstamp 5D7A920F)
    (at 113 73 180)
    (descr "Capacitor SMD 0805 (2012 Metric), square (rectangular) end terminal, IPC_7351 nominal with elongated pad for handsoldering. (Body size source: https://docs.google.com/spreadsheets/d/1BsfQQcO9C6DZCsRaXUlFlo91Tg2WpOkGARC1WS5S8t0/edit?usp=sharing), generated with kicad-footprint-generator")
    (tags "capacitor handsolder")
    (path /5D7A5A15)
    (attr smd)
    (fp_text reference C3 (at 0 -1.65 180) (layer F.SilkS)
      (effects (font (size 1 1) (thickness 0.15)))
    )
    (fp_text value 15p (at 0 1.65 180) (layer F.Fab)
      (effects (font (size 1 1) (thickness 0.15)))
    )
    (fp_text user %R (at 0 0 180) (layer F.Fab)
      (effects (font (size 0.5 0.5) (thickness 0.08)))
    )
    (fp_line (start 1.85 0.95) (end -1.85 0.95) (layer F.CrtYd) (width 0.05))
    (fp_line (start 1.85 -0.95) (end 1.85 0.95) (layer F.CrtYd) (width 0.05))
    (fp_line (start -1.85 -0.95) (end 1.85 -0.95) (layer F.CrtYd) (width 0.05))
    (fp_line (start -1.85 0.95) (end -1.85 -0.95) (layer F.CrtYd) (width 0.05))
    (fp_line (start -0.261252 0.71) (end 0.261252 0.71) (layer F.SilkS) (width 0.12))
    (fp_line (start -0.261252 -0.71) (end 0.261252 -0.71) (layer F.SilkS) (width 0.12))
    (fp_line (start 1 0.6) (end -1 0.6) (layer F.Fab) (width 0.1))
    (fp_line (start 1 -0.6) (end 1 0.6) (layer F.Fab) (width 0.1))
    (fp_line (start -1 -0.6) (end 1 -0.6) (layer F.Fab) (width 0.1))
    (fp_line (start -1 0.6) (end -1 -0.6) (layer F.Fab) (width 0.1))
    (pad 2 smd roundrect (at 1.025 0 180) (size 1.15 1.4) (layers F.Cu F.Paste F.Mask) (roundrect_rratio 0.217391)
      (net 7 GND))
    (pad 1 smd roundrect (at -1.025 0 180) (size 1.15 1.4) (layers F.Cu F.Paste F.Mask) (roundrect_rratio 0.217391)
      (net 9 "Net-(C3-Pad1)"))
    (model ${KISYS3DMOD}/Capacitor_SMD.3dshapes/C_0805_2012Metric.wrl
      (at (xyz 0 0 0))
      (scale (xyz 1 1 1))
      (rotate (xyz 0 0 0))
    )
  )

  (module Capacitor_SMD:C_0805_2012Metric_Pad1.15x1.40mm_HandSolder (layer F.Cu) (tedit 5B36C52B) (tstamp 5D8701DF)
    (at 82.975 68)
    (descr "Capacitor SMD 0805 (2012 Metric), square (rectangular) end terminal, IPC_7351 nominal with elongated pad for handsoldering. (Body size source: https://docs.google.com/spreadsheets/d/1BsfQQcO9C6DZCsRaXUlFlo91Tg2WpOkGARC1WS5S8t0/edit?usp=sharing), generated with kicad-footprint-generator")
    (tags "capacitor handsolder")
    (path /5D7A88D1)
    (attr smd)
    (fp_text reference C4 (at 0 -1.65) (layer F.SilkS)
      (effects (font (size 1 1) (thickness 0.15)))
    )
    (fp_text value 1u (at 0 1.65) (layer F.Fab)
      (effects (font (size 1 1) (thickness 0.15)))
    )
    (fp_line (start -1 0.6) (end -1 -0.6) (layer F.Fab) (width 0.1))
    (fp_line (start -1 -0.6) (end 1 -0.6) (layer F.Fab) (width 0.1))
    (fp_line (start 1 -0.6) (end 1 0.6) (layer F.Fab) (width 0.1))
    (fp_line (start 1 0.6) (end -1 0.6) (layer F.Fab) (width 0.1))
    (fp_line (start -0.261252 -0.71) (end 0.261252 -0.71) (layer F.SilkS) (width 0.12))
    (fp_line (start -0.261252 0.71) (end 0.261252 0.71) (layer F.SilkS) (width 0.12))
    (fp_line (start -1.85 0.95) (end -1.85 -0.95) (layer F.CrtYd) (width 0.05))
    (fp_line (start -1.85 -0.95) (end 1.85 -0.95) (layer F.CrtYd) (width 0.05))
    (fp_line (start 1.85 -0.95) (end 1.85 0.95) (layer F.CrtYd) (width 0.05))
    (fp_line (start 1.85 0.95) (end -1.85 0.95) (layer F.CrtYd) (width 0.05))
    (fp_text user %R (at 0 0) (layer F.Fab)
      (effects (font (size 0.5 0.5) (thickness 0.08)))
    )
    (pad 1 smd roundrect (at -1.025 0) (size 1.15 1.4) (layers F.Cu F.Paste F.Mask) (roundrect_rratio 0.217391)
      (net 8 "Net-(C4-Pad1)"))
    (pad 2 smd roundrect (at 1.025 0) (size 1.15 1.4) (layers F.Cu F.Paste F.Mask) (roundrect_rratio 0.217391)
      (net 7 GND))
    (model ${KISYS3DMOD}/Capacitor_SMD.3dshapes/C_0805_2012Metric.wrl
      (at (xyz 0 0 0))
      (scale (xyz 1 1 1))
      (rotate (xyz 0 0 0))
    )
  )

  (module Capacitor_SMD:C_0805_2012Metric_Pad1.15x1.40mm_HandSolder (layer F.Cu) (tedit 5B36C52B) (tstamp 5D8701CE)
    (at 88 77.025 90)
    (descr "Capacitor SMD 0805 (2012 Metric), square (rectangular) end terminal, IPC_7351 nominal with elongated pad for handsoldering. (Body size source: https://docs.google.com/spreadsheets/d/1BsfQQcO9C6DZCsRaXUlFlo91Tg2WpOkGARC1WS5S8t0/edit?usp=sharing), generated with kicad-footprint-generator")
    (tags "capacitor handsolder")
    (path /5D7A8FE1)
    (attr smd)
    (fp_text reference C5 (at 0 -1.65 90) (layer F.SilkS)
      (effects (font (size 1 1) (thickness 0.15)))
    )
    (fp_text value 1u (at 0 1.65 90) (layer F.Fab)
      (effects (font (size 1 1) (thickness 0.15)))
    )
    (fp_text user %R (at -0.245001 0 90) (layer F.Fab)
      (effects (font (size 0.5 0.5) (thickness 0.08)))
    )
    (fp_line (start 1.85 0.95) (end -1.85 0.95) (layer F.CrtYd) (width 0.05))
    (fp_line (start 1.85 -0.95) (end 1.85 0.95) (layer F.CrtYd) (width 0.05))
    (fp_line (start -1.85 -0.95) (end 1.85 -0.95) (layer F.CrtYd) (width 0.05))
    (fp_line (start -1.85 0.95) (end -1.85 -0.95) (layer F.CrtYd) (width 0.05))
    (fp_line (start -0.261252 0.71) (end 0.261252 0.71) (layer F.SilkS) (width 0.12))
    (fp_line (start -0.261252 -0.71) (end 0.261252 -0.71) (layer F.SilkS) (width 0.12))
    (fp_line (start 1 0.6) (end -1 0.6) (layer F.Fab) (width 0.1))
    (fp_line (start 1 -0.6) (end 1 0.6) (layer F.Fab) (width 0.1))
    (fp_line (start -1 -0.6) (end 1 -0.6) (layer F.Fab) (width 0.1))
    (fp_line (start -1 0.6) (end -1 -0.6) (layer F.Fab) (width 0.1))
    (pad 2 smd roundrect (at 1.025 0 90) (size 1.15 1.4) (layers F.Cu F.Paste F.Mask) (roundrect_rratio 0.217391)
      (net 7 GND))
    (pad 1 smd roundrect (at -1.025 0 90) (size 1.15 1.4) (layers F.Cu F.Paste F.Mask) (roundrect_rratio 0.217391)
      (net 5 +5V))
    (model ${KISYS3DMOD}/Capacitor_SMD.3dshapes/C_0805_2012Metric.wrl
      (at (xyz 0 0 0))
      (scale (xyz 1 1 1))
      (rotate (xyz 0 0 0))
    )
  )

  (module Capacitor_SMD:C_0805_2012Metric_Pad1.15x1.40mm_HandSolder (layer F.Cu) (tedit 5B36C52B) (tstamp 5D8701BD)
    (at 78 77.025 90)
    (descr "Capacitor SMD 0805 (2012 Metric), square (rectangular) end terminal, IPC_7351 nominal with elongated pad for handsoldering. (Body size source: https://docs.google.com/spreadsheets/d/1BsfQQcO9C6DZCsRaXUlFlo91Tg2WpOkGARC1WS5S8t0/edit?usp=sharing), generated with kicad-footprint-generator")
    (tags "capacitor handsolder")
    (path /5D7A9043)
    (attr smd)
    (fp_text reference C6 (at 0 -1.65 90) (layer F.SilkS)
      (effects (font (size 1 1) (thickness 0.15)))
    )
    (fp_text value 100n (at 0 1.65 90) (layer F.Fab)
      (effects (font (size 1 1) (thickness 0.15)))
    )
    (fp_line (start -1 0.6) (end -1 -0.6) (layer F.Fab) (width 0.1))
    (fp_line (start -1 -0.6) (end 1 -0.6) (layer F.Fab) (width 0.1))
    (fp_line (start 1 -0.6) (end 1 0.6) (layer F.Fab) (width 0.1))
    (fp_line (start 1 0.6) (end -1 0.6) (layer F.Fab) (width 0.1))
    (fp_line (start -0.261252 -0.71) (end 0.261252 -0.71) (layer F.SilkS) (width 0.12))
    (fp_line (start -0.261252 0.71) (end 0.261252 0.71) (layer F.SilkS) (width 0.12))
    (fp_line (start -1.85 0.95) (end -1.85 -0.95) (layer F.CrtYd) (width 0.05))
    (fp_line (start -1.85 -0.95) (end 1.85 -0.95) (layer F.CrtYd) (width 0.05))
    (fp_line (start 1.85 -0.95) (end 1.85 0.95) (layer F.CrtYd) (width 0.05))
    (fp_line (start 1.85 0.95) (end -1.85 0.95) (layer F.CrtYd) (width 0.05))
    (fp_text user %R (at 0 0 90) (layer F.Fab)
      (effects (font (size 0.5 0.5) (thickness 0.08)))
    )
    (pad 1 smd roundrect (at -1.025 0 90) (size 1.15 1.4) (layers F.Cu F.Paste F.Mask) (roundrect_rratio 0.217391)
      (net 5 +5V))
    (pad 2 smd roundrect (at 1.025 0 90) (size 1.15 1.4) (layers F.Cu F.Paste F.Mask) (roundrect_rratio 0.217391)
      (net 7 GND))
    (model ${KISYS3DMOD}/Capacitor_SMD.3dshapes/C_0805_2012Metric.wrl
      (at (xyz 0 0 0))
      (scale (xyz 1 1 1))
      (rotate (xyz 0 0 0))
    )
  )

  (module Capacitor_SMD:C_0805_2012Metric_Pad1.15x1.40mm_HandSolder (layer F.Cu) (tedit 5B36C52B) (tstamp 5D7A82F5)
    (at 113 77 90)
    (descr "Capacitor SMD 0805 (2012 Metric), square (rectangular) end terminal, IPC_7351 nominal with elongated pad for handsoldering. (Body size source: https://docs.google.com/spreadsheets/d/1BsfQQcO9C6DZCsRaXUlFlo91Tg2WpOkGARC1WS5S8t0/edit?usp=sharing), generated with kicad-footprint-generator")
    (tags "capacitor handsolder")
    (path /5D7A9089)
    (attr smd)
    (fp_text reference C7 (at 0 -1.65 90) (layer F.SilkS)
      (effects (font (size 1 1) (thickness 0.15)))
    )
    (fp_text value 100n (at 0 1.65 90) (layer F.Fab)
      (effects (font (size 1 1) (thickness 0.15)))
    )
    (fp_text user %R (at 0 0 90) (layer F.Fab)
      (effects (font (size 0.5 0.5) (thickness 0.08)))
    )
    (fp_line (start 1.85 0.95) (end -1.85 0.95) (layer F.CrtYd) (width 0.05))
    (fp_line (start 1.85 -0.95) (end 1.85 0.95) (layer F.CrtYd) (width 0.05))
    (fp_line (start -1.85 -0.95) (end 1.85 -0.95) (layer F.CrtYd) (width 0.05))
    (fp_line (start -1.85 0.95) (end -1.85 -0.95) (layer F.CrtYd) (width 0.05))
    (fp_line (start -0.261252 0.71) (end 0.261252 0.71) (layer F.SilkS) (width 0.12))
    (fp_line (start -0.261252 -0.71) (end 0.261252 -0.71) (layer F.SilkS) (width 0.12))
    (fp_line (start 1 0.6) (end -1 0.6) (layer F.Fab) (width 0.1))
    (fp_line (start 1 -0.6) (end 1 0.6) (layer F.Fab) (width 0.1))
    (fp_line (start -1 -0.6) (end 1 -0.6) (layer F.Fab) (width 0.1))
    (fp_line (start -1 0.6) (end -1 -0.6) (layer F.Fab) (width 0.1))
    (pad 2 smd roundrect (at 1.025 0 90) (size 1.15 1.4) (layers F.Cu F.Paste F.Mask) (roundrect_rratio 0.217391)
      (net 7 GND))
    (pad 1 smd roundrect (at -1.025 0 90) (size 1.15 1.4) (layers F.Cu F.Paste F.Mask) (roundrect_rratio 0.217391)
      (net 5 +5V))
    (model ${KISYS3DMOD}/Capacitor_SMD.3dshapes/C_0805_2012Metric.wrl
      (at (xyz 0 0 0))
      (scale (xyz 1 1 1))
      (rotate (xyz 0 0 0))
    )
  )

  (module Capacitor_SMD:C_0805_2012Metric_Pad1.15x1.40mm_HandSolder (layer F.Cu) (tedit 5B36C52B) (tstamp 5D87019B)
    (at 108.975 83)
    (descr "Capacitor SMD 0805 (2012 Metric), square (rectangular) end terminal, IPC_7351 nominal with elongated pad for handsoldering. (Body size source: https://docs.google.com/spreadsheets/d/1BsfQQcO9C6DZCsRaXUlFlo91Tg2WpOkGARC1WS5S8t0/edit?usp=sharing), generated with kicad-footprint-generator")
    (tags "capacitor handsolder")
    (path /5D7AC572)
    (attr smd)
    (fp_text reference C1 (at 0 -1.65) (layer F.SilkS)
      (effects (font (size 1 1) (thickness 0.15)))
    )
    (fp_text value 100n (at 0 1.65) (layer F.Fab)
      (effects (font (size 1 1) (thickness 0.15)))
    )
    (fp_line (start -1 0.6) (end -1 -0.6) (layer F.Fab) (width 0.1))
    (fp_line (start -1 -0.6) (end 1 -0.6) (layer F.Fab) (width 0.1))
    (fp_line (start 1 -0.6) (end 1 0.6) (layer F.Fab) (width 0.1))
    (fp_line (start 1 0.6) (end -1 0.6) (layer F.Fab) (width 0.1))
    (fp_line (start -0.261252 -0.71) (end 0.261252 -0.71) (layer F.SilkS) (width 0.12))
    (fp_line (start -0.261252 0.71) (end 0.261252 0.71) (layer F.SilkS) (width 0.12))
    (fp_line (start -1.85 0.95) (end -1.85 -0.95) (layer F.CrtYd) (width 0.05))
    (fp_line (start -1.85 -0.95) (end 1.85 -0.95) (layer F.CrtYd) (width 0.05))
    (fp_line (start 1.85 -0.95) (end 1.85 0.95) (layer F.CrtYd) (width 0.05))
    (fp_line (start 1.85 0.95) (end -1.85 0.95) (layer F.CrtYd) (width 0.05))
    (fp_text user %R (at 0 0) (layer F.Fab)
      (effects (font (size 0.5 0.5) (thickness 0.08)))
    )
    (pad 1 smd roundrect (at -1.025 0) (size 1.15 1.4) (layers F.Cu F.Paste F.Mask) (roundrect_rratio 0.217391)
      (net 6 "Net-(C1-Pad1)"))
    (pad 2 smd roundrect (at 1.025 0) (size 1.15 1.4) (layers F.Cu F.Paste F.Mask) (roundrect_rratio 0.217391)
      (net 7 GND))
    (model ${KISYS3DMOD}/Capacitor_SMD.3dshapes/C_0805_2012Metric.wrl
      (at (xyz 0 0 0))
      (scale (xyz 1 1 1))
      (rotate (xyz 0 0 0))
    )
  )

  (module Connector_PinHeader_2.54mm:PinHeader_1x06_P2.54mm_Vertical (layer F.Cu) (tedit 59FED5CC) (tstamp 5D87018A)
    (at 73 71.38)
    (descr "Through hole straight pin header, 1x06, 2.54mm pitch, single row")
    (tags "Through hole pin header THT 1x06 2.54mm single row")
    (path /5D7C54FC)
    (fp_text reference J4 (at 0 -2.33) (layer F.SilkS)
      (effects (font (size 1 1) (thickness 0.15)))
    )
    (fp_text value Conn_01x06 (at 0 15.03) (layer F.Fab)
      (effects (font (size 1 1) (thickness 0.15)))
    )
    (fp_line (start -0.635 -1.27) (end 1.27 -1.27) (layer F.Fab) (width 0.1))
    (fp_line (start 1.27 -1.27) (end 1.27 13.97) (layer F.Fab) (width 0.1))
    (fp_line (start 1.27 13.97) (end -1.27 13.97) (layer F.Fab) (width 0.1))
    (fp_line (start -1.27 13.97) (end -1.27 -0.635) (layer F.Fab) (width 0.1))
    (fp_line (start -1.27 -0.635) (end -0.635 -1.27) (layer F.Fab) (width 0.1))
    (fp_line (start -1.33 14.03) (end 1.33 14.03) (layer F.SilkS) (width 0.12))
    (fp_line (start -1.33 1.27) (end -1.33 14.03) (layer F.SilkS) (width 0.12))
    (fp_line (start 1.33 1.27) (end 1.33 14.03) (layer F.SilkS) (width 0.12))
    (fp_line (start -1.33 1.27) (end 1.33 1.27) (layer F.SilkS) (width 0.12))
    (fp_line (start -1.33 0) (end -1.33 -1.33) (layer F.SilkS) (width 0.12))
    (fp_line (start -1.33 -1.33) (end 0 -1.33) (layer F.SilkS) (width 0.12))
    (fp_line (start -1.8 -1.8) (end -1.8 14.5) (layer F.CrtYd) (width 0.05))
    (fp_line (start -1.8 14.5) (end 1.8 14.5) (layer F.CrtYd) (width 0.05))
    (fp_line (start 1.8 14.5) (end 1.8 -1.8) (layer F.CrtYd) (width 0.05))
    (fp_line (start 1.8 -1.8) (end -1.8 -1.8) (layer F.CrtYd) (width 0.05))
    (fp_text user %R (at 0 6.35 90) (layer F.Fab)
      (effects (font (size 1 1) (thickness 0.15)))
    )
    (pad 1 thru_hole rect (at 0 0) (size 1.7 1.7) (drill 1) (layers *.Cu *.Mask)
      (net 17 Pino11))
    (pad 2 thru_hole oval (at 0 2.54) (size 1.7 1.7) (drill 1) (layers *.Cu *.Mask)
      (net 18 Pino12))
    (pad 3 thru_hole oval (at 0 5.08) (size 1.7 1.7) (drill 1) (layers *.Cu *.Mask)
      (net 19 Pino18))
    (pad 4 thru_hole oval (at 0 7.62) (size 1.7 1.7) (drill 1) (layers *.Cu *.Mask)
      (net 20 Pino19))
    (pad 5 thru_hole oval (at 0 10.16) (size 1.7 1.7) (drill 1) (layers *.Cu *.Mask)
      (net 21 Pino20))
    (pad 6 thru_hole oval (at 0 12.7) (size 1.7 1.7) (drill 1) (layers *.Cu *.Mask)
      (net 22 Pino21))
    (model ${KISYS3DMOD}/Connector_PinHeader_2.54mm.3dshapes/PinHeader_1x06_P2.54mm_Vertical.wrl
      (at (xyz 0 0 0))
      (scale (xyz 1 1 1))
      (rotate (xyz 0 0 0))
    )
  )

  (module Connector_PinHeader_2.54mm:PinHeader_1x10_P2.54mm_Vertical (layer F.Cu) (tedit 59FED5CC) (tstamp 5D870170)
    (at 84.76 92 90)
    (descr "Through hole straight pin header, 1x10, 2.54mm pitch, single row")
    (tags "Through hole pin header THT 1x10 2.54mm single row")
    (path /5D7BB060)
    (fp_text reference J3 (at 0 -2.33 90) (layer F.SilkS)
      (effects (font (size 1 1) (thickness 0.15)))
    )
    (fp_text value Conn_01x10 (at 0 25.19 90) (layer F.Fab)
      (effects (font (size 1 1) (thickness 0.15)))
    )
    (fp_text user %R (at 1 12.7 180) (layer F.Fab)
      (effects (font (size 1 1) (thickness 0.15)))
    )
    (fp_line (start 1.8 -1.8) (end -1.8 -1.8) (layer F.CrtYd) (width 0.05))
    (fp_line (start 1.8 24.65) (end 1.8 -1.8) (layer F.CrtYd) (width 0.05))
    (fp_line (start -1.8 24.65) (end 1.8 24.65) (layer F.CrtYd) (width 0.05))
    (fp_line (start -1.8 -1.8) (end -1.8 24.65) (layer F.CrtYd) (width 0.05))
    (fp_line (start -1.33 -1.33) (end 0 -1.33) (layer F.SilkS) (width 0.12))
    (fp_line (start -1.33 0) (end -1.33 -1.33) (layer F.SilkS) (width 0.12))
    (fp_line (start -1.33 1.27) (end 1.33 1.27) (layer F.SilkS) (width 0.12))
    (fp_line (start 1.33 1.27) (end 1.33 24.19) (layer F.SilkS) (width 0.12))
    (fp_line (start -1.33 1.27) (end -1.33 24.19) (layer F.SilkS) (width 0.12))
    (fp_line (start -1.33 24.19) (end 1.33 24.19) (layer F.SilkS) (width 0.12))
    (fp_line (start -1.27 -0.635) (end -0.635 -1.27) (layer F.Fab) (width 0.1))
    (fp_line (start -1.27 24.13) (end -1.27 -0.635) (layer F.Fab) (width 0.1))
    (fp_line (start 1.27 24.13) (end -1.27 24.13) (layer F.Fab) (width 0.1))
    (fp_line (start 1.27 -1.27) (end 1.27 24.13) (layer F.Fab) (width 0.1))
    (fp_line (start -0.635 -1.27) (end 1.27 -1.27) (layer F.Fab) (width 0.1))
    (pad 10 thru_hole oval (at 0 22.86 90) (size 1.7 1.7) (drill 1) (layers *.Cu *.Mask)
      (net 39 Pino33))
    (pad 9 thru_hole oval (at 0 20.32 90) (size 1.7 1.7) (drill 1) (layers *.Cu *.Mask)
      (net 31 Pino32))
    (pad 8 thru_hole oval (at 0 17.78 90) (size 1.7 1.7) (drill 1) (layers *.Cu *.Mask)
      (net 30 Pino31))
    (pad 7 thru_hole oval (at 0 15.24 90) (size 1.7 1.7) (drill 1) (layers *.Cu *.Mask)
      (net 29 Pino30))
    (pad 6 thru_hole oval (at 0 12.7 90) (size 1.7 1.7) (drill 1) (layers *.Cu *.Mask)
      (net 28 Pino29))
    (pad 5 thru_hole oval (at 0 10.16 90) (size 1.7 1.7) (drill 1) (layers *.Cu *.Mask)
      (net 27 Pino28))
    (pad 4 thru_hole oval (at 0 7.62 90) (size 1.7 1.7) (drill 1) (layers *.Cu *.Mask)
      (net 26 Pino27))
    (pad 3 thru_hole oval (at 0 5.08 90) (size 1.7 1.7) (drill 1) (layers *.Cu *.Mask)
      (net 25 Pino26))
    (pad 2 thru_hole oval (at 0 2.54 90) (size 1.7 1.7) (drill 1) (layers *.Cu *.Mask)
      (net 24 Pino25))
    (pad 1 thru_hole rect (at 0 0 90) (size 1.7 1.7) (drill 1) (layers *.Cu *.Mask)
      (net 23 Pino22))
    (model ${KISYS3DMOD}/Connector_PinHeader_2.54mm.3dshapes/PinHeader_1x10_P2.54mm_Vertical.wrl
      (at (xyz 0 0 0))
      (scale (xyz 1 1 1))
      (rotate (xyz 0 0 0))
    )
  )

  (module Connector_PinHeader_2.54mm:PinHeader_1x10_P2.54mm_Vertical (layer F.Cu) (tedit 59FED5CC) (tstamp 5D870152)
    (at 84 63 90)
    (descr "Through hole straight pin header, 1x10, 2.54mm pitch, single row")
    (tags "Through hole pin header THT 1x10 2.54mm single row")
    (path /5D7B5850)
    (fp_text reference J2 (at 0 -2.33 90) (layer F.SilkS)
      (effects (font (size 1 1) (thickness 0.15)))
    )
    (fp_text value Conn_01x10 (at 0 25.19 90) (layer F.Fab)
      (effects (font (size 1 1) (thickness 0.15)))
    )
    (fp_line (start -0.635 -1.27) (end 1.27 -1.27) (layer F.Fab) (width 0.1))
    (fp_line (start 1.27 -1.27) (end 1.27 24.13) (layer F.Fab) (width 0.1))
    (fp_line (start 1.27 24.13) (end -1.27 24.13) (layer F.Fab) (width 0.1))
    (fp_line (start -1.27 24.13) (end -1.27 -0.635) (layer F.Fab) (width 0.1))
    (fp_line (start -1.27 -0.635) (end -0.635 -1.27) (layer F.Fab) (width 0.1))
    (fp_line (start -1.33 24.19) (end 1.33 24.19) (layer F.SilkS) (width 0.12))
    (fp_line (start -1.33 1.27) (end -1.33 24.19) (layer F.SilkS) (width 0.12))
    (fp_line (start 1.33 1.27) (end 1.33 24.19) (layer F.SilkS) (width 0.12))
    (fp_line (start -1.33 1.27) (end 1.33 1.27) (layer F.SilkS) (width 0.12))
    (fp_line (start -1.33 0) (end -1.33 -1.33) (layer F.SilkS) (width 0.12))
    (fp_line (start -1.33 -1.33) (end 0 -1.33) (layer F.SilkS) (width 0.12))
    (fp_line (start -1.8 -1.8) (end -1.8 24.65) (layer F.CrtYd) (width 0.05))
    (fp_line (start -1.8 24.65) (end 1.8 24.65) (layer F.CrtYd) (width 0.05))
    (fp_line (start 1.8 24.65) (end 1.8 -1.8) (layer F.CrtYd) (width 0.05))
    (fp_line (start 1.8 -1.8) (end -1.8 -1.8) (layer F.CrtYd) (width 0.05))
    (fp_text user %R (at 0 11.43 180) (layer F.Fab)
      (effects (font (size 1 1) (thickness 0.15)))
    )
    (pad 1 thru_hole rect (at 0 0 90) (size 1.7 1.7) (drill 1) (layers *.Cu *.Mask)
      (net 16 Pino10))
    (pad 2 thru_hole oval (at 0 2.54 90) (size 1.7 1.7) (drill 1) (layers *.Cu *.Mask)
      (net 15 Pino9))
    (pad 3 thru_hole oval (at 0 5.08 90) (size 1.7 1.7) (drill 1) (layers *.Cu *.Mask)
      (net 14 Pino8))
    (pad 4 thru_hole oval (at 0 7.62 90) (size 1.7 1.7) (drill 1) (layers *.Cu *.Mask)
      (net 37 Pino41))
    (pad 5 thru_hole oval (at 0 10.16 90) (size 1.7 1.7) (drill 1) (layers *.Cu *.Mask)
      (net 36 Pino40))
    (pad 6 thru_hole oval (at 0 12.7 90) (size 1.7 1.7) (drill 1) (layers *.Cu *.Mask)
      (net 35 Pino39))
    (pad 7 thru_hole oval (at 0 15.24 90) (size 1.7 1.7) (drill 1) (layers *.Cu *.Mask)
      (net 34 Pino38))
    (pad 8 thru_hole oval (at 0 17.78 90) (size 1.7 1.7) (drill 1) (layers *.Cu *.Mask)
      (net 33 Pino37))
    (pad 9 thru_hole oval (at 0 20.32 90) (size 1.7 1.7) (drill 1) (layers *.Cu *.Mask)
      (net 32 Pino36))
    (pad 10 thru_hole oval (at 0 22.86 90) (size 1.7 1.7) (drill 1) (layers *.Cu *.Mask)
      (net 38 Pino1))
    (model ${KISYS3DMOD}/Connector_PinHeader_2.54mm.3dshapes/PinHeader_1x10_P2.54mm_Vertical.wrl
      (at (xyz 0 0 0))
      (scale (xyz 1 1 1))
      (rotate (xyz 0 0 0))
    )
  )

  (module Connector_USB:USB_Mini-B_AdamTech_MUSB-B5-S-VT-TSMT-1_SMD_Vertical (layer F.Cu) (tedit 5B6C3FF0) (tstamp 5D870134)
    (at 121 77)
    (descr http://www.adam-tech.com/upload/MUSB-B5-S-VT-TSMT-1.pdf)
    (tags "USB Mini-B")
    (path /5D7A3DE3)
    (attr smd)
    (fp_text reference J1 (at -4 4.39 90) (layer F.SilkS)
      (effects (font (size 1 1) (thickness 0.15)))
    )
    (fp_text value USB_B_Micro (at 0 7.58) (layer F.Fab)
      (effects (font (size 1 1) (thickness 0.15)))
    )
    (fp_line (start -2.85 -6.75) (end 3.35 -6.75) (layer F.CrtYd) (width 0.05))
    (fp_line (start 3.35 -6.75) (end 3.35 6.75) (layer F.CrtYd) (width 0.05))
    (fp_line (start 3.35 6.75) (end -2.85 6.75) (layer F.CrtYd) (width 0.05))
    (fp_line (start -2.85 6.75) (end -2.85 -6.75) (layer F.CrtYd) (width 0.05))
    (fp_text user %R (at 0.49 0.015 90) (layer F.Fab)
      (effects (font (size 1 1) (thickness 0.15)))
    )
    (fp_line (start 2.85 3.85) (end 2.85 -3.85) (layer F.Fab) (width 0.1))
    (fp_line (start 2.85 -3.85) (end -1.05 -3.85) (layer F.Fab) (width 0.1))
    (fp_line (start -1.05 3.85) (end 2.85 3.85) (layer F.Fab) (width 0.1))
    (fp_line (start -1.05 -5.85) (end -1.05 5.85) (layer F.Fab) (width 0.1))
    (fp_line (start -1.05 5.85) (end 0.2 5.85) (layer F.Fab) (width 0.1))
    (fp_line (start 0.2 5.85) (end 0.2 3.85) (layer F.Fab) (width 0.1))
    (fp_line (start -1.05 -5.85) (end 0.2 -5.85) (layer F.Fab) (width 0.1))
    (fp_line (start 0.2 -5.85) (end 0.2 -3.85) (layer F.Fab) (width 0.1))
    (fp_line (start -1.15 -2.05) (end -1.15 -3.05) (layer F.SilkS) (width 0.1))
    (fp_line (start -2.2 -2.05) (end -1.15 -2.05) (layer F.SilkS) (width 0.1))
    (fp_line (start -1.138539 2.064476) (end -1.138539 3.064476) (layer F.SilkS) (width 0.1))
    (fp_line (start 0.65 3.95) (end 2.95 3.95) (layer F.SilkS) (width 0.1))
    (fp_line (start 2.95 3.95) (end 2.95 -3.95) (layer F.SilkS) (width 0.1))
    (fp_line (start 2.95 -3.95) (end 0.65 -3.95) (layer F.SilkS) (width 0.1))
    (fp_line (start -1.05 -1.85) (end -0.65 -1.6) (layer F.Fab) (width 0.1))
    (fp_line (start -0.65 -1.6) (end -1.05 -1.35) (layer F.Fab) (width 0.1))
    (pad "" np_thru_hole circle (at 1.85 3 90) (size 1 1) (drill 1) (layers *.Cu *.Mask))
    (pad "" np_thru_hole circle (at 1.85 -3 90) (size 1 1) (drill 1) (layers *.Cu *.Mask))
    (pad 5 smd rect (at -1.6 1.6 90) (size 0.5 1.5) (layers F.Cu F.Paste F.Mask)
      (net 7 GND))
    (pad 4 smd rect (at -1.6 0.8 90) (size 0.5 1.5) (layers F.Cu F.Paste F.Mask)
      (net 12 "Net-(J1-Pad4)"))
    (pad 3 smd rect (at -1.6 0 90) (size 0.5 1.5) (layers F.Cu F.Paste F.Mask)
      (net 3 "Net-(J1-Pad3)"))
    (pad 2 smd rect (at -1.6 -0.8 90) (size 0.5 1.5) (layers F.Cu F.Paste F.Mask)
      (net 2 "Net-(J1-Pad2)"))
    (pad 1 smd rect (at -1.6 -1.6 90) (size 0.5 1.5) (layers F.Cu F.Paste F.Mask)
      (net 5 +5V))
    (pad 6 smd rect (at -0.45 4.75 90) (size 3 1.8) (layers F.Cu F.Paste F.Mask)
      (net 13 "Net-(J1-Pad6)"))
    (pad 6 smd rect (at -0.45 -4.75 90) (size 3 1.8) (layers F.Cu F.Paste F.Mask)
      (net 13 "Net-(J1-Pad6)"))
    (model ${KISYS3DMOD}/Connector_USB.3dshapes/USB_Mini-B_AdamTech_MUSB-B5-S-VT-TSMT-1_SMD_Vertical.wrl
      (at (xyz 0 0 0))
      (scale (xyz 1 1 1))
      (rotate (xyz 0 0 0))
    )
  )

  (module Crystal:Crystal_SMD_5032-2Pin_5.0x3.2mm_HandSoldering (layer F.Cu) (tedit 5A0FD1B2) (tstamp 5D7A81B5)
    (at 111.4 68)
    (descr "SMD Crystal SERIES SMD2520/2 http://www.icbase.com/File/PDF/HKC/HKC00061008.pdf, hand-soldering, 5.0x3.2mm^2 package")
    (tags "SMD SMT crystal hand-soldering")
    (path /5D7A541D)
    (attr smd)
    (fp_text reference Y1 (at 0 -2.8) (layer F.SilkS)
      (effects (font (size 1 1) (thickness 0.15)))
    )
    (fp_text value 16MHz (at 0 2.8) (layer F.Fab)
      (effects (font (size 1 1) (thickness 0.15)))
    )
    (fp_text user %R (at 0 0) (layer F.Fab)
      (effects (font (size 1 1) (thickness 0.15)))
    )
    (fp_line (start -2.3 -1.6) (end 2.3 -1.6) (layer F.Fab) (width 0.1))
    (fp_line (start 2.3 -1.6) (end 2.5 -1.4) (layer F.Fab) (width 0.1))
    (fp_line (start 2.5 -1.4) (end 2.5 1.4) (layer F.Fab) (width 0.1))
    (fp_line (start 2.5 1.4) (end 2.3 1.6) (layer F.Fab) (width 0.1))
    (fp_line (start 2.3 1.6) (end -2.3 1.6) (layer F.Fab) (width 0.1))
    (fp_line (start -2.3 1.6) (end -2.5 1.4) (layer F.Fab) (width 0.1))
    (fp_line (start -2.5 1.4) (end -2.5 -1.4) (layer F.Fab) (width 0.1))
    (fp_line (start -2.5 -1.4) (end -2.3 -1.6) (layer F.Fab) (width 0.1))
    (fp_line (start -2.5 0.6) (end -1.5 1.6) (layer F.Fab) (width 0.1))
    (fp_line (start 2.7 -1.8) (end -4.55 -1.8) (layer F.SilkS) (width 0.12))
    (fp_line (start -4.55 -1.8) (end -4.55 1.8) (layer F.SilkS) (width 0.12))
    (fp_line (start -4.55 1.8) (end 2.7 1.8) (layer F.SilkS) (width 0.12))
    (fp_line (start -4.6 -1.9) (end -4.6 1.9) (layer F.CrtYd) (width 0.05))
    (fp_line (start -4.6 1.9) (end 4.6 1.9) (layer F.CrtYd) (width 0.05))
    (fp_line (start 4.6 1.9) (end 4.6 -1.9) (layer F.CrtYd) (width 0.05))
    (fp_line (start 4.6 -1.9) (end -4.6 -1.9) (layer F.CrtYd) (width 0.05))
    (fp_circle (center 0 0) (end 0.4 0) (layer F.Adhes) (width 0.1))
    (fp_circle (center 0 0) (end 0.333333 0) (layer F.Adhes) (width 0.133333))
    (fp_circle (center 0 0) (end 0.213333 0) (layer F.Adhes) (width 0.133333))
    (fp_circle (center 0 0) (end 0.093333 0) (layer F.Adhes) (width 0.186667))
    (pad 1 smd rect (at -2.6 0) (size 3.5 2.4) (layers F.Cu F.Paste F.Mask)
      (net 10 "Net-(C2-Pad2)"))
    (pad 2 smd rect (at 2.6 0) (size 3.5 2.4) (layers F.Cu F.Paste F.Mask)
      (net 9 "Net-(C3-Pad1)"))
    (model ${KISYS3DMOD}/Crystal.3dshapes/Crystal_SMD_5032-2Pin_5.0x3.2mm_HandSoldering.wrl
      (at (xyz 0 0 0))
      (scale (xyz 1 1 1))
      (rotate (xyz 0 0 0))
    )
  )

  (module Package_QFP:TQFP-44_10x10mm_P0.8mm (layer F.Cu) (tedit 5A02F146) (tstamp 5D7AA522)
    (at 98 80 270)
    (descr "44-Lead Plastic Thin Quad Flatpack (PT) - 10x10x1.0 mm Body [TQFP] (see Microchip Packaging Specification 00000049BS.pdf)")
    (tags "QFP 0.8")
    (path /5D7A3B59)
    (attr smd)
    (fp_text reference U1 (at 0 -7.45 270) (layer F.SilkS)
      (effects (font (size 1 1) (thickness 0.15)))
    )
    (fp_text value ATmega32U4-AU (at 0 7.45 270) (layer F.Fab)
      (effects (font (size 1 1) (thickness 0.15)))
    )
    (fp_text user %R (at 0 0 270) (layer F.Fab)
      (effects (font (size 1 1) (thickness 0.15)))
    )
    (fp_line (start -4 -5) (end 5 -5) (layer F.Fab) (width 0.15))
    (fp_line (start 5 -5) (end 5 5) (layer F.Fab) (width 0.15))
    (fp_line (start 5 5) (end -5 5) (layer F.Fab) (width 0.15))
    (fp_line (start -5 5) (end -5 -4) (layer F.Fab) (width 0.15))
    (fp_line (start -5 -4) (end -4 -5) (layer F.Fab) (width 0.15))
    (fp_line (start -6.7 -6.7) (end -6.7 6.7) (layer F.CrtYd) (width 0.05))
    (fp_line (start 6.7 -6.7) (end 6.7 6.7) (layer F.CrtYd) (width 0.05))
    (fp_line (start -6.7 -6.7) (end 6.7 -6.7) (layer F.CrtYd) (width 0.05))
    (fp_line (start -6.7 6.7) (end 6.7 6.7) (layer F.CrtYd) (width 0.05))
    (fp_line (start -5.175 -5.175) (end -5.175 -4.6) (layer F.SilkS) (width 0.15))
    (fp_line (start 5.175 -5.175) (end 5.175 -4.5) (layer F.SilkS) (width 0.15))
    (fp_line (start 5.175 5.175) (end 5.175 4.5) (layer F.SilkS) (width 0.15))
    (fp_line (start -5.175 5.175) (end -5.175 4.5) (layer F.SilkS) (width 0.15))
    (fp_line (start -5.175 -5.175) (end -4.5 -5.175) (layer F.SilkS) (width 0.15))
    (fp_line (start -5.175 5.175) (end -4.5 5.175) (layer F.SilkS) (width 0.15))
    (fp_line (start 5.175 5.175) (end 4.5 5.175) (layer F.SilkS) (width 0.15))
    (fp_line (start 5.175 -5.175) (end 4.5 -5.175) (layer F.SilkS) (width 0.15))
    (fp_line (start -5.175 -4.6) (end -6.45 -4.6) (layer F.SilkS) (width 0.15))
    (pad 1 smd rect (at -5.7 -4 270) (size 1.5 0.55) (layers F.Cu F.Paste F.Mask)
      (net 38 Pino1))
    (pad 2 smd rect (at -5.7 -3.2 270) (size 1.5 0.55) (layers F.Cu F.Paste F.Mask)
      (net 5 +5V))
    (pad 3 smd rect (at -5.7 -2.4 270) (size 1.5 0.55) (layers F.Cu F.Paste F.Mask)
      (net 1 "Net-(R2-Pad1)"))
    (pad 4 smd rect (at -5.7 -1.6 270) (size 1.5 0.55) (layers F.Cu F.Paste F.Mask)
      (net 4 "Net-(R1-Pad1)"))
    (pad 5 smd rect (at -5.7 -0.8 270) (size 1.5 0.55) (layers F.Cu F.Paste F.Mask)
      (net 7 GND))
    (pad 6 smd rect (at -5.7 0 270) (size 1.5 0.55) (layers F.Cu F.Paste F.Mask)
      (net 8 "Net-(C4-Pad1)"))
    (pad 7 smd rect (at -5.7 0.8 270) (size 1.5 0.55) (layers F.Cu F.Paste F.Mask)
      (net 5 +5V))
    (pad 8 smd rect (at -5.7 1.6 270) (size 1.5 0.55) (layers F.Cu F.Paste F.Mask)
      (net 14 Pino8))
    (pad 9 smd rect (at -5.7 2.4 270) (size 1.5 0.55) (layers F.Cu F.Paste F.Mask)
      (net 15 Pino9))
    (pad 10 smd rect (at -5.7 3.2 270) (size 1.5 0.55) (layers F.Cu F.Paste F.Mask)
      (net 16 Pino10))
    (pad 11 smd rect (at -5.7 4 270) (size 1.5 0.55) (layers F.Cu F.Paste F.Mask)
      (net 17 Pino11))
    (pad 12 smd rect (at -4 5.7) (size 1.5 0.55) (layers F.Cu F.Paste F.Mask)
      (net 18 Pino12))
    (pad 13 smd rect (at -3.2 5.7) (size 1.5 0.55) (layers F.Cu F.Paste F.Mask)
      (net 6 "Net-(C1-Pad1)"))
    (pad 14 smd rect (at -2.4 5.7) (size 1.5 0.55) (layers F.Cu F.Paste F.Mask)
      (net 5 +5V))
    (pad 15 smd rect (at -1.6 5.7) (size 1.5 0.55) (layers F.Cu F.Paste F.Mask)
      (net 7 GND))
    (pad 16 smd rect (at -0.8 5.7) (size 1.5 0.55) (layers F.Cu F.Paste F.Mask)
      (net 9 "Net-(C3-Pad1)"))
    (pad 17 smd rect (at 0 5.7) (size 1.5 0.55) (layers F.Cu F.Paste F.Mask)
      (net 10 "Net-(C2-Pad2)"))
    (pad 18 smd rect (at 0.8 5.7) (size 1.5 0.55) (layers F.Cu F.Paste F.Mask)
      (net 19 Pino18))
    (pad 19 smd rect (at 1.6 5.7) (size 1.5 0.55) (layers F.Cu F.Paste F.Mask)
      (net 20 Pino19))
    (pad 20 smd rect (at 2.4 5.7) (size 1.5 0.55) (layers F.Cu F.Paste F.Mask)
      (net 21 Pino20))
    (pad 21 smd rect (at 3.2 5.7) (size 1.5 0.55) (layers F.Cu F.Paste F.Mask)
      (net 22 Pino21))
    (pad 22 smd rect (at 4 5.7) (size 1.5 0.55) (layers F.Cu F.Paste F.Mask)
      (net 23 Pino22))
    (pad 23 smd rect (at 5.7 4 270) (size 1.5 0.55) (layers F.Cu F.Paste F.Mask)
